0 1 0
0 6 0
0 7 0
1 0 0
1 2 0
1 6 0
1 7 0
1 8 0
2 1 0
2 3 0
2 7 0
2 8 0
2 9 0
3 2 0
3 4 0
3 8 0
3 9 0
3 10 0
4 3 0
4 5 0
4 9 0
4 10 0
4 11 0
5 4 0
5 10 0
5 11 0
6 0 0
6 1 0
6 7 0
6 12 0
6 13 0
7 0 0
7 1 0
7 2 0
7 6 0
7 8 0
7 12 0
7 13 0
7 14 0
8 1 0
8 2 0
8 3 0
8 7 0
8 9 0
8 13 0
8 14 0
8 15 0
9 2 0
9 3 0
9 4 0
9 8 0
9 10 0
9 14 0
9 15 0
9 16 0
10 3 0
10 4 0
10 5 0
10 9 0
10 11 0
10 15 0
10 16 0
10 17 0
11 4 0
11 5 0
11 10 0
11 16 0
11 17 0
12 6 0
12 7 0
12 13 0
12 18 0
12 19 0
13 6 0
13 7 0
13 8 0
13 12 0
13 14 0
13 18 0
13 19 0
13 20 0
14 7 0
14 8 0
14 9 0
14 13 0
14 15 0
14 19 0
14 20 0
14 21 0
15 8 0
15 9 0
15 10 0
15 14 0
15 16 0
15 20 0
15 21 0
15 22 0
16 9 0
16 10 0
16 11 0
16 15 0
16 17 0
16 21 0
16 22 0
16 23 0
17 10 0
17 11 0
17 16 0
17 22 0
17 23 0
18 12 0
18 13 0
18 19 0
18 24 0
18 25 0
19 12 0
19 13 0
19 14 0
19 18 0
19 20 0
19 24 0
19 25 0
19 26 0
20 13 0
20 14 0
20 15 0
20 19 0
20 21 0
20 25 0
20 26 0
20 27 0
21 14 0
21 15 0
21 16 0
21 20 0
21 22 0
21 26 0
21 27 0
21 28 0
22 15 0
22 16 0
22 17 0
22 21 0
22 23 0
22 27 0
22 28 0
22 29 0
23 16 0
23 17 0
23 22 0
23 28 0
23 29 0
24 18 0
24 19 0
24 25 0
24 30 0
24 31 0
25 18 0
25 19 0
25 20 0
25 24 0
25 26 0
25 30 0
25 31 0
25 32 0
26 19 0
26 20 0
26 21 0
26 25 0
26 27 0
26 31 0
26 32 0
26 33 0
27 20 0
27 21 0
27 22 0
27 26 0
27 28 0
27 32 0
27 33 0
27 34 0
28 21 0
28 22 0
28 23 0
28 27 0
28 29 0
28 33 0
28 34 0
28 35 0
29 22 0
29 23 0
29 28 0
29 34 0
29 35 0
30 24 0
30 25 0
30 31 0
31 24 0
31 25 0
31 26 0
31 30 0
31 32 0
32 25 0
32 26 0
32 27 0
32 31 0
32 33 0
33 26 0
33 27 0
33 28 0
33 32 0
33 34 0
34 27 0
34 28 0
34 29 0
34 33 0
34 35 0
35 28 0
35 29 0
35 34 0
